8 1
1 1 1 1 5 1 7 8
1 2 
1 3 
1 4
2 5 
3 6
4 7 
6 8

1 1
1

4 1
1 3 1 5
1 2 
1 3
3 4

7 1
1 3 9 4 1 10 1
1 2 
1 3
2 4
2 5
3 6
3 7

5 1
1 2 1 2 4
1 2
1 3
2 4
3 5

5 1
1 1 1 2 5
1 2
1 3
2 4
3 5

6 1
1 1 1 5 1 10
1 2
1 3
2 4
3 5
5 6

6 1
1 3 1 2 5 2
1 2 
1 3 
1 4 
3 5 
5 6



9 1
1 1 1 1 1 100 1 1 100
1 2 1 3
2 4 3 5
4 6 5 7
7 8 8 9

7 1
1 1 5 5 1 5 5
1 2 
1 3
2 4 
3 5
4 6 
5 7

11 1
1 100 9 99 3 3 8 7 11 18 10
1 2
1 3
2 4
3 5
3 6
5 7
7 8
7 9
8 10
10 11






























0 0
